Positives/000001.jpg 1 39 56 294 229
Positives/000002.jpg 1 178 177 593 574
Positives/000003.jpg 1 3 3 504 388
Positives/000004.jpg 1 36 49 301 239
Positives/000005.jpg 1 8 9 492 386
Positives/000006.jpg 1 26 41 279 220
Positives/000007.jpg 1 16 32 936 761
Positives/000008.jpg 1 7 141 194 137
Positives/000009.jpg 1 91 164 412 337
Positives/000010.jpg 1 31 17 537 420
Positives/000011.jpg 5 191 172 271 268 2 359 264 274 2 3 243 252 410 367 228 271 414 1 224 264
Positives/000012.jpg 1 24 35 256 205
Positives/000013.jpg 1 26 50 326 239
Positives/000014.jpg 1 5 5 489 391
Positives/000015.jpg 3 70 166 110 86 239 166 116 85 410 167 111 81
Positives/000016.jpg 1 116 32 410 420
Positives/000017.jpg 1 20 40 330 263
Positives/000018.jpg 3 7 162 152 119 174 159 153 124 339 155 153 126
Positives/000019.jpg 1 22 3 278 232
Positives/000020.jpg 1 9 120 303 301
Positives/000021.jpg 1 56 23 251 228
Positives/000022.jpg 1 567 295 549 515
Positives/000023.jpg 1 104 13 605 604
Positives/000024.jpg 1 87 43 458 397
Positives/000025.jpg 1 323 206 844 690
Positives/000026.jpg 1 28 42 928 744
Positives/000027.jpg 1 25 101 1109 1055
Positives/000028.jpg 1 85 10 490 440
Positives/000029.jpg 1 36 26 574 419